./bench
y[0] =   5.51948552e-01
y[1] =   6.71164655e-01
y[2] =   8.53673499e-01
y[3] =   1.00000000e+00
y[4] =   8.53673499e-01
y[5] =   6.71164655e-01
y[6] =   5.51948552e-01


ja = 2, jb = 4, m = 3

mu[0] =  -1.11602545e+00
mu[1] =   1.61358448e-01
mu[2] =   9.90052805e-02
mu[3] =   2.22540298e-02
mu[4] =   3.49289259e-02
mu[5] =   1.21046742e-02
mu[6] =   1.95621400e-02
mu[7] =  6.42685533e-319


Matrix Ba:
[9.90053e-02, 1.61358e-01]
[2.22540e-02, 9.90053e-02]
[3.49289e-02, 2.22540e-02]


la[0] =   1.08298087e-01
la[1] =   6.64488450e-02
la[2] =   1.49361183e-02


(n-1) - (ptrdiff_t) jb = 2

Matrix Bb:
[2.22540e-02, 3.49289e-02]
[9.90053e-02, 2.22540e-02]
[1.61358e-01, 9.90053e-02]


lb[0] =   1.92789701e-02
lb[1] =   1.22830795e-02
lb[2] =   5.46458212e-02


